Name           Prompt     t90    Afglw90    dt90      Afglw      dttot
Event1       4.62e-04  108.84   1.86e+00  120.00   8.15e+04  116000.00 
Event8       5.68e-01   31.80   1.14e+00   35.10   7.66e+02  129000.00 
Event9       1.66e-02    6.61   1.75e-04    6.98   2.34e+02  125000.00 
Event11      0.00e+00    1.79   2.05e-14    1.93   1.35e+02  133000.00 
Event12      2.86e-03   68.81   3.00e-01   81.70   2.33e+04  141000.00 
Event16      6.62e-01  156.33   1.60e+02  168.00   1.76e+04  125000.00 
Event20      2.20e-04   75.11   9.35e-02   75.50   9.53e+04  137000.00 
Event21      7.46e-02   11.79   2.22e-04   15.90   2.14e+02  109000.00 
Event23      3.56e-05   36.92   3.41e-04   46.30   3.84e+03  113000.00 
Event43      4.55e-03   18.42   3.41e-01   21.80   1.10e+03  131000.00 
Event45      6.16e-01   37.11   1.50e-01   41.40   6.61e+03  135000.00 
Event47      7.76e-03   40.07   1.59e-04   45.50   1.32e+03  131000.00 
Event51      2.47e+00   34.23   2.84e+01   36.90   1.44e+05  138000.00 
Event54      1.26e-02   14.54   1.49e-03   16.60   1.08e+05  130000.00 
Event55      2.04e-24   26.36   1.14e-05   28.80   9.60e+04  113000.00 
Event67      2.36e-01   25.64   3.48e+00   26.60   3.88e+03  134000.00 
Event76      2.92e-02   55.80   5.51e+02   56.90   2.93e+03  126000.00 
Event82      6.17e-03   15.86   1.17e-05   21.10   8.48e+02  134000.00 
Event84      1.35e+00   23.44   6.59e-02   29.40   6.93e+02  154000.00 
Event90      3.91e-01   56.91   1.45e+01   58.40   1.25e+04  119000.00 
Event94      8.41e-05   34.14   1.16e-05   35.10   8.54e+03  125000.00 
Event96      9.74e-01   96.59   1.61e+03  107.00   1.13e+05  137000.00 
Event97      2.33e-01   15.21   1.64e+00   15.70   4.63e+03  137000.00 
Event100     2.92e-03    4.95   3.27e-01    5.39   1.77e+02  132000.00 
Event104     2.53e-01   16.97   3.59e+00   17.00   4.83e+04  117000.00 
Event108     1.92e-03    7.11   9.08e-05    8.67   1.83e+04  131000.00 
Event112     2.10e+00  181.02   2.59e+04  201.00   8.08e+04  137000.00 
Event121     9.59e-26    2.10   1.17e-10    3.02   5.02e+02  113000.00 
Event130     6.80e-01   90.42   6.18e+00   91.30   1.57e+04  120000.00 
Event136     9.33e-02    4.99   6.10e-03    6.26   5.02e+02  131000.00 
Event140     3.11e-01  115.73   5.30e+03  123.00   2.51e+04  134000.00 
Event142     1.42e+01  421.59   1.62e+04  424.00   3.79e+04  116000.00 
Event144     8.17e-14   57.90   5.33e-06   68.60   4.39e+03  116000.00 
Event145     3.79e-01   11.84   1.96e+01   14.10   7.57e+02  116000.00 
Event146     1.55e-01    1.84   3.27e-07    1.93   3.23e+03  116000.00 
Event150     3.07e+01  200.94   9.50e+04  203.00   2.74e+05  132000.00 
Event153     5.95e-02    5.24   1.02e-02    6.08   9.60e+02  109000.00 
Event160     1.46e-01   28.86   4.97e+00   35.50   1.70e+03  121000.00 
Event174     3.53e+00  107.56   2.07e+03  133.00   1.18e+05  129000.00 
Event175     3.30e-01   44.04   7.83e+02   50.80   2.06e+03  129000.00 
Event176     7.24e-05   71.90   4.13e-04   84.00   3.54e+03  119000.00 
Event188     1.64e+00   53.74   5.48e+03   58.50   4.62e+04  113000.00 
Event189     1.16e-04    1.75   1.10e-08    1.98   2.17e+02  121000.00 
Event190     2.83e+00  310.70   1.77e+04  328.00   1.26e+05  131000.00 
Event192     1.50e-01   69.81   1.45e-02   84.20   1.80e+03  139000.00 
Event202     4.13e-04  130.51   4.97e+00  136.00   2.29e+04  126000.00 
Event203     1.43e+00   29.34   2.22e+02   36.70   6.21e+03  111000.00 
Event204     1.00e+00   41.09   2.86e+03   47.00   2.11e+04  136000.00 
Event211     1.33e-02   10.51   1.01e-03   13.10   5.70e+03  112000.00 
Event216     3.00e-01   11.48   1.03e-01   12.90   3.02e+04  114000.00 
Event222     4.87e-02    2.48   5.23e+00    2.59   2.32e+03  143000.00 
Event226     1.10e-14    5.62   2.15e-08    7.54   7.41e+02  139000.00 
Event232     2.25e-01   11.60   3.30e-03   13.20   2.10e+03  109000.00 
Event243     4.03e-05    5.96   1.08e-07    7.36   1.99e+03  127000.00 
Event244     2.88e+00  130.04   3.76e+03  132.00   1.53e+04  114000.00 
Event246     1.62e-01    6.88   2.61e-05    7.36   6.23e+01  135000.00 
Event252     1.22e-01   10.60   5.34e-03   10.90   1.77e+03  130000.00 
Event254     2.62e+00  120.66   1.30e+03  146.00   1.09e+04  128000.00 
Event256     1.08e-01   20.25   2.09e-03   23.60   5.21e+03  121000.00 
Event257     6.81e-01  170.03   2.76e+03  194.00   1.35e+05  113000.00 
Event261     7.74e-01   27.88   1.96e+02   30.80   5.38e+03  137000.00 
Event263     2.91e-01   46.83   6.03e+00   54.10   1.55e+04  124000.00 
Event267     4.85e-02   13.24   9.36e-04   16.70   1.43e+03  139000.00 
Event270     1.94e-06   15.70   3.53e-07   18.40   8.51e+02  113000.00 
Event272     1.38e+00   86.90   9.23e+02   96.30   1.10e+04  135000.00 
Event289     3.22e+00  206.69   8.61e+03  244.00   2.36e+04  135000.00 
Event293     1.08e-04   56.76   7.95e-02   71.20   7.96e+04  126000.00 
Event299     1.33e-02   12.03   1.83e-05   14.40   5.78e+03  130000.00 
Event303     6.52e-04    9.83   2.16e-01   11.00   4.91e+02  123000.00 
Event306     1.47e+01  402.62   3.00e+05  448.00   8.14e+05  132000.00 
Event310     4.70e+00  112.50   1.14e+04  118.00   4.15e+04  126000.00 
Event314     2.27e-18    1.33   1.12e-05    1.53   7.16e+04  118000.00 
Event324     2.69e-01   11.46   7.56e+00   12.60   5.92e+02  131000.00 
Event325     4.86e+00  348.03   1.05e+04  409.00   2.39e+04  131000.00 
Event331     5.58e+00   16.47   4.24e+01   20.30   8.83e+04  115000.00 
Event341     1.08e+00   78.49   1.96e+02   84.60   1.62e+04  113000.00 
Event343     6.53e+01   75.42   3.12e+03   85.20   5.66e+06  137000.00 
Event348     3.18e-05   14.62   8.51e-06   17.30   1.10e+04  121000.00 
Event350     3.88e-04    8.50   3.89e-02    9.28   2.90e+02  128000.00 
Event358     0.00e+00    5.20   1.55e-12    6.03   1.23e+02  134000.00 
Event366     1.10e-01   94.35   2.25e+03  118.00   9.83e+03  117000.00 
Event367     6.43e-02    1.85   4.32e-07    1.93   4.16e+01  112000.00 
Event368     1.65e+00   65.58   5.56e+03   76.10   2.47e+04  128000.00 
Event370     3.33e-01   30.10   2.27e-01   32.80   2.50e+03  131000.00 
Event371     1.07e-02   18.83   7.04e-05   25.90   1.14e+03  128000.00 
Event373     2.20e+00   87.02   1.69e+03   94.50   8.66e+03  127000.00 
Event380     5.83e+00  314.78   5.27e+04  364.00   1.27e+05  122000.00 
Event386     4.05e-04    2.83   1.80e-01    3.16   2.74e+02  115000.00 
Event391     1.89e-02   82.58   4.35e+01   99.90   1.50e+04  131000.00 
Event397     0.00e+00    4.53   1.63e-08    4.71   2.78e+04  121000.00 
Event398     9.76e-01  322.45   1.13e+04  371.00   3.19e+04  112000.00 
Event404     2.21e-04   79.09   6.82e-01   90.50   2.23e+04  132000.00 
Event405     6.01e-05    2.12   3.27e-09    2.47   1.39e+03  131000.00 
Event410     5.93e-12    5.18   1.49e-08    7.36   3.79e+03  141000.00 
Event416     1.45e-01    9.77   1.36e+00   11.50   5.37e+03  137000.00 
Event417     8.38e-01    8.97   2.29e+01    9.85   1.50e+04  114000.00 
Event438     1.91e-04   53.49   5.53e-02   65.10   1.77e+04  119000.00 
Event439     1.43e+00   51.76   1.35e+01   53.20   5.74e+04  117000.00 
Event445     9.73e+00  100.61   1.85e+03  124.00   6.78e+03  147000.00 
Event446     3.41e-01   26.04   1.89e+03   29.80   2.29e+04  111000.00 
Event447     1.20e+00   92.35   3.37e+03   99.60   9.58e+03  110000.00 
Event450     4.88e+00  113.25   6.70e+03  137.00   3.72e+04  115000.00 
Event452     2.82e-05    9.53   1.61e-06   11.50   7.89e+03  134000.00 
Event454     1.68e+00  157.68   1.78e+04  174.00   8.65e+04  123000.00 
Event456     2.40e-04    5.70   5.09e-10    5.89   3.24e+02  112000.00 
Event457     5.71e-05   20.37   2.98e+00   23.30   1.07e+04  134000.00 
Event458     4.93e+00  353.39   9.21e+04  444.00   2.62e+05  139000.00 
Event460     0.00e+00    3.33   2.34e-12    3.77   6.32e+02  141000.00 
Event471     1.01e+01   21.93   4.12e+02   24.20   4.53e+04  112000.00 
Event480     3.70e-03   19.77   9.65e-06   21.30   2.15e+03  125000.00 
Event481     7.55e-01   19.57   6.78e+01   19.70   5.72e+03  118000.00 
Event482     5.32e-01   44.42   2.59e+02   45.70   4.85e+03  123000.00 
Event485     8.61e-02    9.72   1.13e+02   11.80   6.95e+03  110000.00 
Event487     6.62e-02    7.01   1.93e-04    8.16   7.19e+02  120000.00 
Event489     1.65e-01   63.01   1.08e+03   68.90   6.12e+03  134000.00 
Event490     2.54e-01   81.24   1.69e+03   89.70   9.17e+04  119000.00 
Event496     4.09e-16   18.20   7.10e-02   21.50   3.55e+03  127000.00 
Event498     1.60e-02  126.88   7.93e+00  136.00   2.41e+04  139000.00 
Event501     1.15e+01  410.74   8.37e+04  476.00   1.29e+05  122000.00 
Event503     6.36e-02   13.49   3.55e-03   16.50   1.91e+02  132000.00 
Event505     6.15e-02   45.77   1.55e+02   52.80   2.17e+03  143000.00 
Event509     1.23e-02   13.31   7.63e+00   15.10   1.03e+03  130000.00 
Event515     2.71e+00  204.01   2.97e+02  254.00   4.52e+04  112000.00 
Event518     3.36e+00  164.90   1.38e+03  177.00   1.53e+04  113000.00 
Event519     0.00e+00   17.01   4.66e-07   18.10   4.12e+03  114000.00 
Event521     5.41e-01   60.40   1.07e+02   62.90   1.21e+04  133000.00 
Event524     1.30e-03    6.78   8.65e-03    7.97   8.78e+02  141000.00 
Event527     6.85e-01  162.25   8.90e+03  197.00   2.09e+04  139000.00 
Event529     1.32e+00   30.61   7.07e+01   34.30   3.07e+02  124000.00 
Event535     1.76e-05   26.89   8.29e-06   32.80   7.61e+02  118000.00 
Event546     1.21e-02    1.37   1.04e-05    1.69   8.08e+01  119000.00 
Event549     1.61e+00   50.04   2.24e+00   53.80   7.56e+02  124000.00 
Event556     1.55e-13   11.49   1.49e-08   14.40   9.33e+02  140000.00 
Event557     7.71e-01   18.66   2.08e+01   20.20   3.59e+04  126000.00 
Event573     1.83e-01   24.74   2.37e-03   31.40   7.21e+02  117000.00 
Event577     5.28e-01   44.02   1.02e+02   46.70   2.31e+04  135000.00 
Event582     2.18e-01    6.13   4.03e-02    6.41   2.94e+03  137000.00 
Event589     1.46e+00   23.43   5.07e+01   24.50   1.21e+04  135000.00 
Event592     7.89e-03   37.05   1.00e-04   43.70   5.90e+03  135000.00 
Event593     1.25e+02   12.50   1.13e+04   15.30   3.30e+05  122000.00 
Event594     9.15e-02   18.02   1.16e+01   19.00   1.81e+04  135000.00 
Event595     5.14e-02    3.35   4.59e-04    4.05   3.10e+02  105000.00 
Event604     6.52e-01   26.05   2.39e+00   29.30   2.29e+04  114000.00 
Event606     3.22e-01  118.43   3.21e+03  127.00   1.22e+04  136000.00 
Event610     1.33e-15   51.50   6.29e-02   55.00   5.37e+03  132000.00 
Event614     4.21e-05   13.83   1.07e-05   14.80   3.04e+03  119000.00 
Event628     1.85e+00   57.34   1.28e+04   61.60   3.00e+05  132000.00 
Event631     6.76e-22    2.61   4.18e-11    3.77   3.20e+02  145000.00 
Event632     3.28e-06   45.28   5.63e-01   52.30   5.00e+03  128000.00 
Event633     1.41e-02   22.15   3.55e-05   22.80   3.21e+03  113000.00 
Event637     5.09e-02   17.26   1.99e-03   21.00   2.18e+03  128000.00 
Event638     4.76e-12   10.11   6.53e-08   11.50   2.47e+03  134000.00 
Event639     8.36e-06   15.97   8.76e-05   19.70   2.02e+03  124000.00 
Event642     3.79e-01    8.53   1.14e-01    9.70   6.36e+02  122000.00 
Event643     5.08e-01   22.14   8.30e+01   26.70   5.01e+03  134000.00 
Event647     2.65e-01   55.46   4.69e+02   59.90   1.58e+03  122000.00 
Event648     1.64e-04   38.34   4.67e-04   43.90   3.77e+03  142000.00 
Event654     0.00e+00    7.23   6.23e-05    7.54   4.66e+02  123000.00 
Event662     7.77e-01   38.57   2.28e+02   45.00   1.96e+04  130000.00 
Event665     3.97e-01   28.63   1.91e-03   29.10   2.51e+03  118000.00 
Event666     6.23e-01   30.02   4.35e+00   36.60   1.28e+04  112000.00 
Event670     3.51e+01  426.17   1.52e+05  452.00   3.12e+05  138000.00 
Event676     1.33e+00  117.14   7.51e+02  139.00   1.60e+05  127000.00 
Event677     5.70e-04   45.14   2.24e-01   53.20   1.49e+04  128000.00 
Event679     2.08e-01    8.29   5.81e-02   10.00   2.01e+03  127000.00 
Event682     1.30e-01   44.54   6.54e+00   52.90   2.73e+04  124000.00 
Event683     2.69e-01   19.79   3.92e+01   24.70   2.90e+03  133000.00 
Event685     8.39e+00   36.85   2.56e+03   41.60   9.54e+03  123000.00 
Event687     5.61e-17   22.89   2.31e-07   23.00   2.52e+03  133000.00 
Event689     1.19e-01   13.64   1.87e-01   14.20   1.78e+03  137000.00 
Event693     1.69e-01    5.92   1.23e-03    6.48   4.27e+02  119000.00 
Event694     3.47e+00   30.36   2.13e+03   35.30   1.18e+04  116000.00 
Event699     2.83e-01   88.91   2.96e+03   99.10   2.44e+04  140000.00 
Event701     7.34e+00    7.15   2.69e+02    7.61   2.08e+04  131000.00 
Event702     3.17e-01   27.42   1.42e-02   31.20   2.67e+04  126000.00 
Event705     2.94e-01   11.14   3.19e-01   13.20   3.73e+02  141000.00 
Event709     2.25e+01  594.28   9.07e+04  623.00   2.29e+05  139000.00 
Event716     3.72e+00  131.62   7.64e+03  163.00   2.32e+04  138000.00 
Event727     3.51e-01   48.74   2.25e+03   58.90   1.52e+04  117000.00 
Event729     1.86e-01   25.41   9.08e-02   28.00   6.57e+03  140000.00 
Event733     7.64e-11    2.01   7.56e-11    3.02   3.68e+02  137000.00 
Event742     2.75e-01    3.19   6.51e-04    3.27   2.19e+03  135000.00 
Event744     1.71e-01   87.00   4.60e+02  108.00   9.65e+02  128000.00 
Event755     5.83e-05    1.67   1.80e-09    1.93   9.09e+02  132000.00 
Event758     2.18e-02    4.81   9.71e-05    6.31   2.89e+03  111000.00 
Event761     0.00e+00    2.43   3.38e-15    3.77   1.39e+01  109000.00 
Event765     8.35e+00  252.92   1.91e+04  288.00   6.35e+04  116000.00 
Event769     8.46e-02   17.44   4.08e-02   17.80   1.78e+04  123000.00 
Event770     4.17e-03    7.36   7.30e-08    9.21   2.37e+02  114000.00 
Event771     1.64e+00  780.47   4.18e+04  858.00   8.27e+04  136000.00 
Event772     5.63e+00  345.50   1.51e+05  429.00   4.87e+05  128000.00 
Event775     5.77e-01   28.97   8.62e+02   29.50   1.15e+04  136000.00 
Event779     1.06e-02   52.88   2.05e+00   63.80   9.55e+03  132000.00 
Event789     6.74e-04   18.03   1.89e-03   23.50   5.38e+03  133000.00 
Event796     5.22e-01   21.75   2.20e+01   27.10   1.97e+04  121000.00 
Event800     2.10e-02   40.18   2.10e-02   41.30   2.69e+04  136000.00 
Event802     0.00e+00  129.08   2.62e-03  154.00   8.34e+04  122000.00 
Event813     1.02e+00   80.51   3.74e+03   86.40   2.00e+04  127000.00 
Event814     1.46e+00   15.32   3.16e+00   16.60   3.01e+04  116000.00 
Event815     5.71e+01  159.29   4.65e+05  186.00   1.01e+07  138000.00 
Event816     4.16e-02    7.94   1.06e-05    9.42   3.86e+02  142000.00 
Event820     2.90e-01  131.48   4.78e+00  134.00   1.30e+04  136000.00 
Event822     1.05e-14  182.55   9.50e+00  218.00   2.60e+04  131000.00 
Event840     4.92e+00   32.68   5.09e+02   34.00   1.19e+05  118000.00 
Event843     2.17e-02    7.97   1.63e+01   10.00   2.18e+03  116000.00 
Event846     9.69e-05   93.98   6.23e+00  105.00   4.07e+04  112000.00 
Event851     1.17e-03   13.80   4.32e-08   14.70   2.75e+02  115000.00 
Event853     1.10e-01   29.25   3.31e+02   32.20   4.82e+03  130000.00 
Event856     4.32e-28    3.82   2.93e-10    4.71   4.36e+02  107000.00 
Event860     6.66e-01   66.14   2.57e+03   73.40   4.57e+04  112000.00 
Event871     2.77e+00    3.55   3.24e-02    4.43   1.33e+04  121000.00 
Event876     4.38e-04  315.13   2.42e+02  343.00   1.30e+05  123000.00 
Event883     1.86e-01    7.95   1.74e-02    8.57   2.42e+02  133000.00 
Event884     3.26e-06    7.10   3.15e-09    7.36   4.23e+02  141000.00 
Event889     1.64e-02   36.55   1.43e+02   45.60   5.49e+02  150000.00 
Event900     1.47e+00  174.70   9.00e+03  194.00   4.96e+04  111000.00 
Event902     4.47e-02    3.28   5.47e-05    3.82   1.21e+03  121000.00 
Event903     3.34e-01  203.35   2.33e+02  231.00   8.56e+04  135000.00 
Event904     5.38e-02   30.80   3.25e-02   33.20   1.43e+04  127000.00 
Event909     9.51e-02    5.61   3.35e-04    6.13   1.29e+03  114000.00 
Event911     4.55e-01   55.53   2.61e+03   63.90   1.56e+04  113000.00 
Event913     2.48e+00   74.58   1.14e+03   88.20   3.18e+04  117000.00 
Event918     2.44e-03    7.13   2.16e-07    7.36   9.85e+02  133000.00 
Event920     3.42e-01    6.42   6.55e-02    7.64   5.99e+02  125000.00 
Event924     2.19e-01    4.46   7.93e+00    4.98   4.01e+02  119000.00 
Event926     7.88e-06   22.01   5.34e-06   25.70   2.31e+03  136000.00 
Event936     2.45e+00   97.44   1.68e+03  110.00   7.67e+03  130000.00 
Event944     1.31e-03  107.46   2.57e-02  144.00   5.69e+04  114000.00 
Event946     7.80e-01   75.15   3.06e+02   90.50   3.90e+04  116000.00 
Event949     2.26e-01   10.56   2.08e-01   10.60   7.18e+02  139000.00 
Event959     3.22e-02    8.77   8.39e-04    8.83   1.28e+03  142000.00 
Event960     1.65e-01   13.08   4.11e-02   14.70   1.69e+02  124000.00 
Event961     1.01e-01   22.07   1.05e+00   24.90   2.84e+03  136000.00 
Event963     7.40e-01  163.43   4.89e+03  168.00   1.75e+04  129000.00 
Event966     1.74e+00   54.93   6.32e+03   60.70   4.42e+04  110000.00 
Event970     7.64e-01   30.59   2.47e+02   36.50   1.25e+05  113000.00 
Event979     1.52e-01    4.05   1.30e-02    4.93   5.82e+01  168000.00 
Event980     1.86e-03   50.43   6.98e-03   58.90   2.58e+04  119000.00 
Event981     1.81e-02    2.80   5.34e-08    3.09   1.12e+02  139000.00 
Event985     6.21e-01   63.69   1.26e-01   81.30   5.00e+03  114000.00 
Event990     5.89e-01   45.14   7.19e+00   50.80   6.82e+02  144000.00 
Event991     1.07e+01   14.94   2.82e+02   17.30   2.58e+04  136000.00 
Event994     3.09e-06   67.75   1.38e-04   82.80   1.08e+03  123000.00 
