Name           Prompt     t90    Afglw90    dt90      Afglw      dttot
Event1       4.62e-04  108.84   1.86e+00  120.00   8.15e+04  116000.00 
Event100     2.92e-03    4.95   3.27e-01    5.39   1.77e+02  132000.00 
Event104     2.53e-01   16.97   3.59e+00   17.00   4.83e+04  117000.00 
Event112     2.10e+00  181.02   2.59e+04  201.00   8.08e+04  137000.00 
Event12      2.86e-03   68.81   3.00e-01   81.70   2.33e+04  141000.00 
Event121     9.59e-26    2.10   1.17e-10    3.02   5.02e+02  113000.00 
Event130     6.80e-01   90.42   6.18e+00   91.30   1.57e+04  120000.00 
Event136     9.33e-02    4.99   6.10e-03    6.26   5.02e+02  131000.00 
Event142     1.42e+01  421.59   1.62e+04  424.00   3.79e+04  116000.00 
Event145     3.79e-01   11.84   1.96e+01   14.10   7.57e+02  116000.00 
Event146     1.55e-01    1.84   3.27e-07    1.93   3.23e+03  116000.00 
Event174     3.53e+00  107.56   2.07e+03  133.00   1.18e+05  129000.00 
Event175     3.30e-01   44.04   7.83e+02   50.80   2.06e+03  129000.00 
Event188     1.64e+00   53.74   5.48e+03   58.50   4.62e+04  113000.00 
Event190     2.83e+00  310.70   1.77e+04  328.00   1.26e+05  131000.00 
Event192     1.50e-01   69.81   1.45e-02   84.20   1.80e+03  139000.00 
Event20      2.20e-04   75.11   9.35e-02   75.50   9.53e+04  137000.00 
Event203     1.43e+00   29.34   2.22e+02   36.70   6.21e+03  111000.00 
Event21      7.46e-02   11.79   2.22e-04   15.90   2.14e+02  109000.00 
Event222     4.87e-02    2.48   5.23e+00    2.59   2.32e+03  143000.00 
Event232     2.25e-01   11.60   3.30e-03   13.20   2.10e+03  109000.00 
Event254     2.62e+00  120.66   1.30e+03  146.00   1.09e+04  128000.00 
Event257     6.81e-01  170.03   2.76e+03  194.00   1.35e+05  113000.00 
Event261     7.74e-01   27.88   1.96e+02   30.80   5.38e+03  137000.00 
Event263     2.91e-01   46.83   6.03e+00   54.10   1.55e+04  124000.00 
Event267     4.85e-02   13.24   9.36e-04   16.70   1.43e+03  139000.00 
Event303     6.52e-04    9.83   2.16e-01   11.00   4.91e+02  123000.00 
Event306     1.47e+01  402.62   3.00e+05  448.00   8.14e+05  132000.00 
Event310     4.70e+00  112.50   1.14e+04  118.00   4.15e+04  126000.00 
Event324     2.69e-01   11.46   7.56e+00   12.60   5.92e+02  131000.00 
Event331     5.58e+00   16.47   4.24e+01   20.30   8.83e+04  115000.00 
Event343     6.53e+01   75.42   3.12e+03   85.20   5.66e+06  137000.00 
Event358     0.00e+00    5.20   1.55e-12    6.03   1.23e+02  134000.00 
Event366     1.10e-01   94.35   2.25e+03  118.00   9.83e+03  117000.00 
Event367     6.43e-02    1.85   4.32e-07    1.93   4.16e+01  112000.00 
Event370     3.33e-01   30.10   2.27e-01   32.80   2.50e+03  131000.00 
Event417     8.38e-01    8.97   2.29e+01    9.85   1.50e+04  114000.00 
Event43      4.55e-03   18.42   3.41e-01   21.80   1.10e+03  131000.00 
Event438     1.91e-04   53.49   5.53e-02   65.10   1.77e+04  119000.00 
Event45      6.16e-01   37.11   1.50e-01   41.40   6.61e+03  135000.00 
Event454     1.68e+00  157.68   1.78e+04  174.00   8.65e+04  123000.00 
Event460     0.00e+00    3.33   2.34e-12    3.77   6.32e+02  141000.00 
Event480     3.70e-03   19.77   9.65e-06   21.30   2.15e+03  125000.00 
Event481     7.55e-01   19.57   6.78e+01   19.70   5.72e+03  118000.00 
Event482     5.32e-01   44.42   2.59e+02   45.70   4.85e+03  123000.00 
Event489     1.65e-01   63.01   1.08e+03   68.90   6.12e+03  134000.00 
Event503     6.36e-02   13.49   3.55e-03   16.50   1.91e+02  132000.00 
Event505     6.15e-02   45.77   1.55e+02   52.80   2.17e+03  143000.00 
Event509     1.23e-02   13.31   7.63e+00   15.10   1.03e+03  130000.00 
Event51      2.47e+00   34.23   2.84e+01   36.90   1.44e+05  138000.00 
Event524     1.30e-03    6.78   8.65e-03    7.97   8.78e+02  141000.00 
Event527     6.85e-01  162.25   8.90e+03  197.00   2.09e+04  139000.00 
Event529     1.32e+00   30.61   7.07e+01   34.30   3.07e+02  124000.00 
Event535     1.76e-05   26.89   8.29e-06   32.80   7.61e+02  118000.00 
Event54      1.26e-02   14.54   1.49e-03   16.60   1.08e+05  130000.00 
Event55      2.04e-24   26.36   1.14e-05   28.80   9.60e+04  113000.00 
Event556     1.55e-13   11.49   1.49e-08   14.40   9.33e+02  140000.00 
Event573     1.83e-01   24.74   2.37e-03   31.40   7.21e+02  117000.00 
Event577     5.28e-01   44.02   1.02e+02   46.70   2.31e+04  135000.00 
Event595     5.14e-02    3.35   4.59e-04    4.05   3.10e+02  105000.00 
Event604     6.52e-01   26.05   2.39e+00   29.30   2.29e+04  114000.00 
Event606     3.22e-01  118.43   3.21e+03  127.00   1.22e+04  136000.00 
Event610     1.33e-15   51.50   6.29e-02   55.00   5.37e+03  132000.00 
Event614     4.21e-05   13.83   1.07e-05   14.80   3.04e+03  119000.00 
Event628     1.85e+00   57.34   1.28e+04   61.60   3.00e+05  132000.00 
Event632     3.28e-06   45.28   5.63e-01   52.30   5.00e+03  128000.00 
Event637     5.09e-02   17.26   1.99e-03   21.00   2.18e+03  128000.00 
Event638     4.76e-12   10.11   6.53e-08   11.50   2.47e+03  134000.00 
Event642     3.79e-01    8.53   1.14e-01    9.70   6.36e+02  122000.00 
Event654     0.00e+00    7.23   6.23e-05    7.54   4.66e+02  123000.00 
Event662     7.77e-01   38.57   2.28e+02   45.00   1.96e+04  130000.00 
Event665     3.97e-01   28.63   1.91e-03   29.10   2.51e+03  118000.00 
Event67      2.36e-01   25.64   3.48e+00   26.60   3.88e+03  134000.00 
Event676     1.33e+00  117.14   7.51e+02  139.00   1.60e+05  127000.00 
Event683     2.69e-01   19.79   3.92e+01   24.70   2.90e+03  133000.00 
Event693     1.69e-01    5.92   1.23e-03    6.48   4.27e+02  119000.00 
Event758     2.18e-02    4.81   9.71e-05    6.31   2.89e+03  111000.00 
Event770     4.17e-03    7.36   7.30e-08    9.21   2.37e+02  114000.00 
Event772     5.63e+00  345.50   1.51e+05  429.00   4.87e+05  128000.00 
Event8       5.68e-01   31.80   1.14e+00   35.10   7.66e+02  129000.00 
Event802     0.00e+00  129.08   2.62e-03  154.00   8.34e+04  122000.00 
Event814     1.46e+00   15.32   3.16e+00   16.60   3.01e+04  116000.00 
Event840     4.92e+00   32.68   5.09e+02   34.00   1.19e+05  118000.00 
Event843     2.17e-02    7.97   1.63e+01   10.00   2.18e+03  116000.00 
Event856     4.32e-28    3.82   2.93e-10    4.71   4.36e+02  107000.00 
Event883     1.86e-01    7.95   1.74e-02    8.57   2.42e+02  133000.00 
Event884     3.26e-06    7.10   3.15e-09    7.36   4.23e+02  141000.00 
Event911     4.55e-01   55.53   2.61e+03   63.90   1.56e+04  113000.00 
Event918     2.44e-03    7.13   2.16e-07    7.36   9.85e+02  133000.00 
Event920     3.42e-01    6.42   6.55e-02    7.64   5.99e+02  125000.00 
Event926     7.88e-06   22.01   5.34e-06   25.70   2.31e+03  136000.00 
Event936     2.45e+00   97.44   1.68e+03  110.00   7.67e+03  130000.00 
Event944     1.31e-03  107.46   2.57e-02  144.00   5.69e+04  114000.00 
Event96      9.74e-01   96.59   1.61e+03  107.00   1.13e+05  137000.00 
Event960     1.65e-01   13.08   4.11e-02   14.70   1.69e+02  124000.00 
Event980     1.86e-03   50.43   6.98e-03   58.90   2.58e+04  119000.00 
